n	med1	med2	cens
5	1	1	0
10	1	1	0
15	1	1	0
20	1	1	0
25	1	1	0
30	1	1	0
35	1	1	0
40	1	1	0
45	1	1	0
50	1	1	0
5	1	1.2	0
10	1	1.2	0
15	1	1.2	0
20	1	1.2	0
25	1	1.2	0
30	1	1.2	0
35	1	1.2	0
40	1	1.2	0
45	1	1.2	0
50	1	1.2	0
5	1	1.4	0
10	1	1.4	0
15	1	1.4	0
20	1	1.4	0
25	1	1.4	0
30	1	1.4	0
35	1	1.4	0
40	1	1.4	0
45	1	1.4	0
50	1	1.4	0
5	1	1.6	0
10	1	1.6	0
15	1	1.6	0
20	1	1.6	0
25	1	1.6	0
30	1	1.6	0
35	1	1.6	0
40	1	1.6	0
45	1	1.6	0
50	1	1.6	0
5	1	1.8	0
10	1	1.8	0
15	1	1.8	0
20	1	1.8	0
25	1	1.8	0
30	1	1.8	0
35	1	1.8	0
40	1	1.8	0
45	1	1.8	0
50	1	1.8	0
5	1	2	0
10	1	2	0
15	1	2	0
20	1	2	0
25	1	2	0
30	1	2	0
35	1	2	0
40	1	2	0
45	1	2	0
50	1	2	0
5	1	1	0.1
10	1	1	0.1
15	1	1	0.1
20	1	1	0.1
25	1	1	0.1
30	1	1	0.1
35	1	1	0.1
40	1	1	0.1
45	1	1	0.1
50	1	1	0.1
5	1	1.2	0.1
10	1	1.2	0.1
15	1	1.2	0.1
20	1	1.2	0.1
25	1	1.2	0.1
30	1	1.2	0.1
35	1	1.2	0.1
40	1	1.2	0.1
45	1	1.2	0.1
50	1	1.2	0.1
5	1	1.4	0.1
10	1	1.4	0.1
15	1	1.4	0.1
20	1	1.4	0.1
25	1	1.4	0.1
30	1	1.4	0.1
35	1	1.4	0.1
40	1	1.4	0.1
45	1	1.4	0.1
50	1	1.4	0.1
5	1	1.6	0.1
10	1	1.6	0.1
15	1	1.6	0.1
20	1	1.6	0.1
25	1	1.6	0.1
30	1	1.6	0.1
35	1	1.6	0.1
40	1	1.6	0.1
45	1	1.6	0.1
50	1	1.6	0.1
5	1	1.8	0.1
10	1	1.8	0.1
15	1	1.8	0.1
20	1	1.8	0.1
25	1	1.8	0.1
30	1	1.8	0.1
35	1	1.8	0.1
40	1	1.8	0.1
45	1	1.8	0.1
50	1	1.8	0.1
5	1	2	0.1
10	1	2	0.1
15	1	2	0.1
20	1	2	0.1
25	1	2	0.1
30	1	2	0.1
35	1	2	0.1
40	1	2	0.1
45	1	2	0.1
50	1	2	0.1
5	1	1	0.2
10	1	1	0.2
15	1	1	0.2
20	1	1	0.2
25	1	1	0.2
30	1	1	0.2
35	1	1	0.2
40	1	1	0.2
45	1	1	0.2
50	1	1	0.2
5	1	1.2	0.2
10	1	1.2	0.2
15	1	1.2	0.2
20	1	1.2	0.2
25	1	1.2	0.2
30	1	1.2	0.2
35	1	1.2	0.2
40	1	1.2	0.2
45	1	1.2	0.2
50	1	1.2	0.2
5	1	1.4	0.2
10	1	1.4	0.2
15	1	1.4	0.2
20	1	1.4	0.2
25	1	1.4	0.2
30	1	1.4	0.2
35	1	1.4	0.2
40	1	1.4	0.2
45	1	1.4	0.2
50	1	1.4	0.2
5	1	1.6	0.2
10	1	1.6	0.2
15	1	1.6	0.2
20	1	1.6	0.2
25	1	1.6	0.2
30	1	1.6	0.2
35	1	1.6	0.2
40	1	1.6	0.2
45	1	1.6	0.2
50	1	1.6	0.2
5	1	1.8	0.2
10	1	1.8	0.2
15	1	1.8	0.2
20	1	1.8	0.2
25	1	1.8	0.2
30	1	1.8	0.2
35	1	1.8	0.2
40	1	1.8	0.2
45	1	1.8	0.2
50	1	1.8	0.2
5	1	2	0.2
10	1	2	0.2
15	1	2	0.2
20	1	2	0.2
25	1	2	0.2
30	1	2	0.2
35	1	2	0.2
40	1	2	0.2
45	1	2	0.2
50	1	2	0.2
5	1	1	0.3
10	1	1	0.3
15	1	1	0.3
20	1	1	0.3
25	1	1	0.3
30	1	1	0.3
35	1	1	0.3
40	1	1	0.3
45	1	1	0.3
50	1	1	0.3
5	1	1.2	0.3
10	1	1.2	0.3
15	1	1.2	0.3
20	1	1.2	0.3
25	1	1.2	0.3
30	1	1.2	0.3
35	1	1.2	0.3
40	1	1.2	0.3
45	1	1.2	0.3
50	1	1.2	0.3
5	1	1.4	0.3
10	1	1.4	0.3
15	1	1.4	0.3
20	1	1.4	0.3
25	1	1.4	0.3
30	1	1.4	0.3
35	1	1.4	0.3
40	1	1.4	0.3
45	1	1.4	0.3
50	1	1.4	0.3
5	1	1.6	0.3
10	1	1.6	0.3
15	1	1.6	0.3
20	1	1.6	0.3
25	1	1.6	0.3
30	1	1.6	0.3
35	1	1.6	0.3
40	1	1.6	0.3
45	1	1.6	0.3
50	1	1.6	0.3
5	1	1.8	0.3
10	1	1.8	0.3
15	1	1.8	0.3
20	1	1.8	0.3
25	1	1.8	0.3
30	1	1.8	0.3
35	1	1.8	0.3
40	1	1.8	0.3
45	1	1.8	0.3
50	1	1.8	0.3
5	1	2	0.3
10	1	2	0.3
15	1	2	0.3
20	1	2	0.3
25	1	2	0.3
30	1	2	0.3
35	1	2	0.3
40	1	2	0.3
45	1	2	0.3
50	1	2	0.3
5	1	1	0.4
10	1	1	0.4
15	1	1	0.4
20	1	1	0.4
25	1	1	0.4
30	1	1	0.4
35	1	1	0.4
40	1	1	0.4
45	1	1	0.4
50	1	1	0.4
5	1	1.2	0.4
10	1	1.2	0.4
15	1	1.2	0.4
20	1	1.2	0.4
25	1	1.2	0.4
30	1	1.2	0.4
35	1	1.2	0.4
40	1	1.2	0.4
45	1	1.2	0.4
50	1	1.2	0.4
5	1	1.4	0.4
10	1	1.4	0.4
15	1	1.4	0.4
20	1	1.4	0.4
25	1	1.4	0.4
30	1	1.4	0.4
35	1	1.4	0.4
40	1	1.4	0.4
45	1	1.4	0.4
50	1	1.4	0.4
5	1	1.6	0.4
10	1	1.6	0.4
15	1	1.6	0.4
20	1	1.6	0.4
25	1	1.6	0.4
30	1	1.6	0.4
35	1	1.6	0.4
40	1	1.6	0.4
45	1	1.6	0.4
50	1	1.6	0.4
5	1	1.8	0.4
10	1	1.8	0.4
15	1	1.8	0.4
20	1	1.8	0.4
25	1	1.8	0.4
30	1	1.8	0.4
35	1	1.8	0.4
40	1	1.8	0.4
45	1	1.8	0.4
50	1	1.8	0.4
5	1	2	0.4
10	1	2	0.4
15	1	2	0.4
20	1	2	0.4
25	1	2	0.4
30	1	2	0.4
35	1	2	0.4
40	1	2	0.4
45	1	2	0.4
50	1	2	0.4
5	1	1	0.5
10	1	1	0.5
15	1	1	0.5
20	1	1	0.5
25	1	1	0.5
30	1	1	0.5
35	1	1	0.5
40	1	1	0.5
45	1	1	0.5
50	1	1	0.5
5	1	1.2	0.5
10	1	1.2	0.5
15	1	1.2	0.5
20	1	1.2	0.5
25	1	1.2	0.5
30	1	1.2	0.5
35	1	1.2	0.5
40	1	1.2	0.5
45	1	1.2	0.5
50	1	1.2	0.5
5	1	1.4	0.5
10	1	1.4	0.5
15	1	1.4	0.5
20	1	1.4	0.5
25	1	1.4	0.5
30	1	1.4	0.5
35	1	1.4	0.5
40	1	1.4	0.5
45	1	1.4	0.5
50	1	1.4	0.5
5	1	1.6	0.5
10	1	1.6	0.5
15	1	1.6	0.5
20	1	1.6	0.5
25	1	1.6	0.5
30	1	1.6	0.5
35	1	1.6	0.5
40	1	1.6	0.5
45	1	1.6	0.5
50	1	1.6	0.5
5	1	1.8	0.5
10	1	1.8	0.5
15	1	1.8	0.5
20	1	1.8	0.5
25	1	1.8	0.5
30	1	1.8	0.5
35	1	1.8	0.5
40	1	1.8	0.5
45	1	1.8	0.5
50	1	1.8	0.5
5	1	2	0.5
10	1	2	0.5
15	1	2	0.5
20	1	2	0.5
25	1	2	0.5
30	1	2	0.5
35	1	2	0.5
40	1	2	0.5
45	1	2	0.5
50	1	2	0.5
